0.0
0.00215
0.00431
0.00646
0.00861
0.0108
0.0129
0.0159
0.0191
0.0227
0.0265
0.0304
0.0346
0.0388
0.0431
0.0475
0.0518
0.0562
0.0605
0.0648
0.0692
0.0735
0.0779
0.0822
0.0865
0.0909
0.0952
0.0996
0.104
0.108
0.113
0.117
0.121
0.126
0.13
0.134
0.139
0.143
0.147
0.152
0.156
0.16
0.165
0.169
0.173
0.178
0.182
0.186
0.191
0.195
0.199
0.204
0.208
0.212
0.217
0.221
0.225
0.23
0.234
0.238
0.243
0.247
0.251
0.256
0.26
0.264
0.269
0.273
0.278
0.282
0.286
0.291
0.295
0.299
0.304
0.308
0.312
0.317
0.321
0.325
0.33
0.334
0.338
0.343
0.347
0.351
0.356
0.36
0.364
0.369
0.373
0.377
0.382
0.386
0.39
0.395
0.399
0.403
0.408
0.412
0.416
0.421
0.425
0.429
0.434
0.438
0.442
0.447
0.451
0.455
0.46
0.464
0.468
0.473
0.477
0.481
0.486
0.49
0.495
0.499
0.503
0.508
0.512
0.516
0.521
0.525
0.529
0.534
0.538
0.542
0.547
0.551
0.555
0.56
0.564
0.568
0.573
0.577
0.581
0.586
0.59
0.594
0.599
0.603
0.607
0.612
0.616
0.62
0.625
0.629
0.633
0.638
0.642
0.646
0.651
0.655
0.659
0.664
0.668
0.672
0.677
0.681
0.685
0.69
0.694
0.698
0.703
0.707
0.712
0.716
0.72
0.725
0.729
0.733
0.738
0.742
0.746
0.751
0.755
0.759
0.764
0.768
0.772
0.777
0.781
0.785
0.79
0.794
0.798
0.803
0.807
0.811
0.816
0.819
0.822
0.826
0.828
0.831
0.834
0.836
0.839
0.841
0.844
0.847
0.849
0.851
0.853
0.855
0.858
0.86
0.862
0.864
0.866
0.868
0.87
0.873
0.875
0.877
0.879
0.881
0.883
0.886
0.888
0.89
0.892
0.894
0.896
0.898
0.901
0.903
0.905
0.907
0.909
0.911
0.913
0.916
0.918
0.92
0.922
0.924
0.926
0.929
0.931
0.933
0.935
0.937
0.94
0.942
0.944
0.946
0.948
0.951
0.953
0.955
0.957
0.959
0.962
0.964
0.966
0.968
0.97
0.973
0.975
0.977
0.979
0.981
0.984
0.986
0.988
0.99
0.992
0.995
0.997
0.999
1.0
