0 1 2 3 4 5 0 
4 3 6 7 8 9 4 
10 5 4 9 11 12 10 
13 14 0 5 10 13 
15 16 17 18 14 13 19 15 
20 21 15 19 22 23 20 
24 25 26 21 20 27 24 
28 29 17 16 30 28 
31 32 33 28 30 26 25 31 
26 30 16 15 21 26 
34 35 36 37 38 34 
39 40 34 38 41 42 43 39 
38 37 31 25 24 41 38 
44 45 40 39 46 44 
47 48 49 35 34 40 45 47 
50 47 45 44 51 52 50 
53 54 55 50 52 56 53 
55 57 58 48 47 50 55 
11 9 8 59 60 61 62 11 
63 12 11 62 64 65 63 
66 67 63 65 68 69 66 
23 22 67 66 70 71 23 
22 19 13 10 12 63 67 22 
72 73 27 20 23 71 74 72 
42 41 24 27 73 75 42 
43 42 75 76 77 78 79 43 
76 75 73 72 80 76 
81 79 78 82 83 84 81 
85 46 39 43 79 81 86 85 
87 88 85 86 89 90 87 
88 51 44 46 85 88 
91 56 52 51 88 87 91 
64 62 61 92 93 64 
94 95 93 92 96 97 98 94 
68 65 64 93 95 68 
99 70 66 69 100 101 99 
100 69 68 95 94 102 103 100 
104 101 100 103 105 106 104 
80 72 74 107 108 109 80 
74 71 70 99 107 74 
110 108 107 99 101 104 111 110 
112 109 108 110 113 114 112 
77 76 80 109 112 115 77 
82 78 77 115 116 82 
117 116 115 112 114 118 117 
119 84 83 120 121 119 
120 83 82 116 117 122 120 
89 86 81 84 119 123 89 
124 90 89 123 125 126 127 124 
128 126 125 129 130 131 128 
125 123 119 121 132 129 125 
133 98 97 134 135 136 137 133 
138 139 133 137 140 138 
102 94 98 133 139 102 
141 142 138 140 143 144 141 
145 106 105 142 141 146 147 145 
105 103 102 139 138 142 105 
148 113 110 111 149 150 148 
150 149 145 147 151 152 150 
111 104 106 145 149 111 
122 117 118 153 154 122 
155 156 148 150 152 157 158 155 
153 118 114 113 148 156 153 
159 154 153 156 155 160 161 159 
162 163 159 161 164 165 162 
132 121 120 122 154 159 163 132 
166 131 130 167 168 166 
167 130 129 132 163 162 169 167 
170 171 172 173 174 175 176 170 
143 140 137 136 172 171 143 
173 177 178 179 180 174 173 
172 136 135 181 177 173 172 
144 143 171 170 182 144 
183 146 141 144 182 184 183 
157 152 151 185 186 187 157 
186 185 183 184 188 189 186 
185 151 147 146 183 185 
190 158 157 187 191 192 190 
160 155 158 190 193 160 
194 165 164 195 196 194 
164 161 160 193 197 198 195 164 
199 200 201 194 196 202 199 
201 169 162 165 194 201 
168 167 169 201 200 203 168 
175 174 180 204 205 206 207 208 175 
206 205 209 210 211 206 
212 213 208 207 214 215 212 
216 176 175 208 213 216 
217 218 216 213 212 219 217 
188 184 182 170 176 216 218 188 
191 187 186 189 220 221 191 
220 189 188 218 217 222 220 
197 193 190 192 223 224 197 
223 192 191 221 225 226 227 223 
228 229 224 223 227 230 228 
231 232 229 228 233 231 
232 198 197 224 229 232 
234 235 236 237 238 239 234 
202 196 195 198 232 231 237 236 202 
240 199 202 236 235 240 
