0.00000 3.41163
1.65067 3.94591
3.06542 4.62156
4.78161 5.35866
6.70097 6.15718
8.01133 6.77142
9.79448 7.50852
11.47797 8.18420
12.37715 8.51820
13.42927 8.85990
15.04303 9.47416
16.22930 9.86566
17.29720 10.21130
18.25655 10.54454
19.44793 10.88702
20.62077 11.20288
21.80240 11.50134
23.85191 12.02352
25.96864 12.51499
27.98546 12.90920
29.19653 13.14718
31.07513 13.40591
32.63820 13.61022
34.56585 13.80538
36.14654 13.96015
38.39299 14.10248
40.32815 14.16617
42.45370 14.17952
44.10383 14.16649
45.90947 14.11340
47.27154 13.99194
48.72625 13.85270
51.40914 13.59185
53.85478 13.28500
56.60584 12.85534
58.71680 12.48704
61.26235 11.99596
63.37268 11.53554
65.71670 11.01373
67.49485 10.58399
69.23716 10.11855
70.57373 9.75519
71.64764 9.45321
72.81883 9.14125
74.02545 8.80358
75.16388 8.49147
76.73696 8.06686
78.61374 7.54501
80.15530 7.02314
81.75902 6.56268
83.63654 6.01012
85.31125 5.51868
86.88369 4.99709
88.39309 4.56733
89.93145 4.13200
91.33861 3.67710
93.92119 2.90001
95.87280 2.35515
97.75726 1.85142
99.70873 1.28600
102.26666 0.66920
104.15085 0.12434
106.50699 -0.42049
108.72871 -0.90362
111.01771 -1.40732
113.23984 -1.82875
116.20334 -2.29126
118.89750 -2.70237
121.72692 -3.05177
124.69159 -3.33946
127.31978 -3.53462
129.81367 -3.64753
131.97093 -3.68848
134.33073 -3.68829
136.82566 -3.64694
139.32114 -3.52333
141.74943 -3.36373
143.90828 -3.16817
145.99984 -2.95204
148.09157 -2.71020
149.98111 -2.45810
151.66837 -2.20601
153.22055 -1.98993
154.23307 -1.81502
155.71816 -1.54753
157.47344 -1.20803
159.22851 -0.89937
161.59169 -0.39529
164.46117 0.20140
166.45298 0.62319
168.95128 1.16842
171.51701 1.71366
174.15072 2.34117
177.39158 3.02015
180.76700 3.65801
184.37858 4.32160
187.24734 4.81030
190.21712 5.28359
192.98367 5.61290
195.68287 5.95248
199.12337 6.24070
202.29342 6.41579
205.46265 6.46747
208.63139 6.44717
211.32762 6.34456
213.82144 6.22137
216.51705 6.02621
218.33595 5.80013
220.08743 5.57404
221.70399 5.33766
223.42141 5.06015
225.13856 4.74151
227.02392 4.37146
228.70701 4.00140
230.79415 3.55938
233.08301 3.03512
235.64060 2.36691
237.79399 1.75008
239.84625 1.13325
242.36916 0.32107
244.11871 -0.19296
246.47368 -0.91260
248.15484 -1.57060
250.37517 -2.25941
253.40237 -3.27721
256.63109 -4.40812
259.25306 -5.52880
262.14514 -6.58775
265.84553 -7.75975
269.07438 -8.87010
271.69801 -9.74397
274.72521 -10.76178
277.82011 -11.73845
279.97378 -12.31414
282.26175 -12.97209
285.22367 -13.67111
288.45493 -14.42153
292.89891 -15.30554
294.65011 -15.57276
296.90699 -15.83994
298.59132 -16.02490
300.74761 -16.20982
302.87061 -16.33304
305.16271 -16.37399
307.52259 -16.36350
310.01793 -16.26046
312.44633 -16.08544
314.80758 -15.86928
316.76450 -15.62232
318.38451 -15.34453
320.27477 -14.98445
321.89520 -14.64496
323.38092 -14.28491
325.00190 -13.86315
326.62316 -13.40026
328.44717 -12.86537
330.40637 -12.27905
332.16309 -11.72359
333.75119 -11.17843
335.54204 -10.56128
337.63836 -9.63559
339.32849 -8.95674
340.88398 -8.24705
342.84504 -7.38307
345.27924 -6.34424
347.37570 -5.39798
349.20205 -4.51345
350.75879 -3.61866
352.78769 -2.69298
354.30988 -1.92159
355.83228 -1.11935
357.92943 -0.07026
360.22871 0.95827
361.71747 1.77079
363.47550 2.52163
365.00000 3.19800
