0.000000000000000000e+00 3.581595625498266600e+00
7.000000000000000000e+00 6.968019550853910005e+00
1.400000000000000000e+01 9.733449678629881419e+00
2.100000000000000000e+01 1.186492365605431587e+01
2.800000000000000000e+01 1.335137776922056219e+01
3.500000000000000000e+01 1.420040053243576494e+01
4.200000000000000000e+01 1.443016727032045310e+01
4.900000000000000000e+01 1.405999713050562150e+01
5.600000000000000000e+01 1.314298335804267026e+01
6.300000000000000000e+01 1.177292228624094150e+01
7.000000000000000000e+01 1.004604856141827440e+01
7.700000000000000000e+01 8.066246995688970856e+00
8.400000000000000000e+01 5.957476556698111381e+00
9.100000000000000000e+01 3.846949038491516148e+00
9.800000000000000000e+01 1.855737173362399517e+00
1.050000000000000000e+02 8.035744658889143466e-02
1.120000000000000000e+02 -1.388812718305302951e+00
1.190000000000000000e+02 -2.466215603296973313e+00
1.260000000000000000e+02 -3.113642277210715292e+00
1.330000000000000000e+02 -3.319758486747218740e+00
1.400000000000000000e+02 -3.074820615406565594e+00
1.470000000000000000e+02 -2.411444331001803221e+00
1.540000000000000000e+02 -1.413294887263759847e+00
1.610000000000000000e+02 -1.670977616071240845e-01
1.680000000000000000e+02 1.229757366672629360e+00
1.750000000000000000e+02 2.651897784610696363e+00
1.820000000000000000e+02 3.969416394190147912e+00
1.890000000000000000e+02 5.060479026259713464e+00
1.960000000000000000e+02 5.835543227125413068e+00
2.030000000000000000e+02 6.213139471957674687e+00
2.100000000000000000e+02 6.118094095182414094e+00
2.170000000000000000e+02 5.537083952545572174e+00
2.240000000000000000e+02 4.491891610997754469e+00
2.310000000000000000e+02 3.005606476003322314e+00
2.380000000000000000e+02 1.131180247138217965e+00
2.450000000000000000e+02 -1.042446624711601544e+00
2.520000000000000000e+02 -3.424176862060221538e+00
2.590000000000000000e+02 -5.915679026631664783e+00
2.660000000000000000e+02 -8.399639128305807390e+00
2.730000000000000000e+02 -1.075566723458030083e+01
2.800000000000000000e+02 -1.286461456033293871e+01
2.870000000000000000e+02 -1.461229690996822228e+01
2.940000000000000000e+02 -1.588577123527318236e+01
3.010000000000000000e+02 -1.657731057648766182e+01
3.080000000000000000e+02 -1.663043082682816021e+01
3.150000000000000000e+02 -1.601773278873201889e+01
3.220000000000000000e+02 -1.471385664177410035e+01
3.290000000000000000e+02 -1.274978880067408227e+01
3.360000000000000000e+02 -1.022442173708202517e+01
3.430000000000000000e+02 -7.240690701851463018e+00
3.500000000000000000e+02 -3.901530945834451813e+00
3.570000000000000000e+02 -3.098777198846391912e-01
3.640000000000000000e+02 3.431333725145236713e+00
